NORMAL    01;38;5;250
DIR       01;38;5;33
LINK      01;38;5;51
EXEC      01;38;5;160

.txt      01;38;5;255
.tex      01;38;5;255
.log      01;38;5;240

.c        01;38;5;255
.cpp      01;38;5;255
.h        00;38;5;255
.html     01;38;5;255
.css      01;38;5;255
.js       01;38;5;255
.py       01;38;5;255

.pdf      01;38;5;166

.avi      01;38;5;184
.flac     01;38;5;184
.mkv      01;38;5;184
.mp3      01;38;5;184
.mp4      01;38;5;184

.Z        00;38;5;82
.bz2      00;38;5;82
.gz       00;38;5;82
.tar      00;38;5;82
.xz       00;38;5;82
.z        00;38;5;82
.zip      00;38;5;82
